Accuracy: 0.934776
Precision: 0.967156
Recall: 0.679142
F1-Score: 0.797956
